,x,y
0,0.5,0.507246376812
1,0.47,0.333333333333
2,0.44,0.172413793103
3,0.43,0.163636363636
4,0.41,0.04
5,0.38,0.0526315789474
6,0.35,0.0
7,0.59,1.0
8,0.64,1.0
9,0.58,0.866666666667
10,0.52,0.793650793651
11,0.48,0.405063291139
12,0.45,0.276923076923
13,0.32,0.0
14,0.42,0.0810810810811
15,0.39,0.0
16,0.36,0.0
17,0.33,0.0
18,0.3,0.0
19,0.6,1.0
20,0.54,0.760869565217
21,0.49,0.541176470588
22,0.57,1.0
23,0.46,0.31884057971
24,0.61,1.0
25,0.4,0.0384615384615
26,0.55,0.88
27,0.37,0.0
28,0.53,0.734693877551
29,0.34,0.0
30,0.62,1.0
31,0.51,0.55421686747
32,0.56,0.9
